RepName	1	2	3	4	5	6	7	8	9	10	11	12	13	14	15	16	17	18	19	20	21	22	23	24	25	26	27	28	29	30	31	32	33	34	35	36	37	38	39	40	41	42	43	44	45	46	47	48	49	50	51	52	53
BLK	0.060351637	0.013610623	0.050538092	0.016242492	0.069056849	0	0.064533335	0	0.030521452	0	0	1.442659008	0.010641246	0.024326284	0.327663588	0.023358342	0.012428072	0.180539755	0	0	0.031605764	0	0.098245973	0.203004205	0.044814615	0.044523213	0.548930921	0.049603758	0.017462602	0.010770308	0	0.100886528	0.021880688	0.038947861	0.047793697	0.012761883	0.010436691	0.245275781	0.110451246	0.019700491	0.042647175	0.270321629	0.038880459	0.124599769	0.317786599	0	0.147316204	0.116343095	0.032087259	0.127831535	0.723436917	0.384916012	0.208534512
CR2	0.419777005	0.112724375	1.623509059	0.085604749	1.069592545	0.03560403	0.12956867	0.956997281	0.06894037	0.072033075	2.782299772	1.668659108	0.064095809	0.161177939	2.515408403	0.117245966	0.243290005	7.564694051	0.114537438	2.849482262	0.126914772	0.126815874	0.29588429	0.042457038	0.04498892	0.335222882	0.456404327	0.021341438	0.058435073	0.054060992	2.722064765	0.468415013	1.076323798	5.288186676	0.009595918	0.839154518	0.267170754	1.506105432	0.388082946	0.158216919	0.503053326	0.674555827	1.587288427	0.808472309	0.341809946	0.13030137	1.922559399	0.15367843	0.752956933	2.090688891	0.363125347	0.375048035	1.054204618
HLA-DOB	0.938649964	0.285884761	0.727432424	1.043135874	0.542439176	0.018721818	0.897984039	0.208163586	1.839331187	1.164321186	0.020376441	0.49203629	3.613650454	0.612795775	1.543794987	0.565972976	0.651927043	1.149643576	1.225044548	1.21268132	0.247929138	0.164846688	0.64284013	0.266656504	0.879688973	3.363761395	1.916909001	0.101823457	0.625613131	0.763559964	0.429287947	6.876759121	1.876934348	0.611047378	0.777878078	2.165904939	1.423183671	1.083122795	0.577617896	3.613662155	0.225125667	1.457488132	4.965471565	0.390796013	0.654006598	10.98946547	0.662833134	3.774553532	0.326402557	0.627906955	1.574262668	10.3565723	0.585325146
TNFRSF17	0.145795284	0.180840253	0	0.11771406	0	0.034271071	0.062358911	0	0	0	0.037299928	0	0	0.1175331	0.884682194	0.084642347	0.060046567	0	0.025056667	0	0	1.342748968	0.11866952	0.449542645	0.405980676	1.236911886	0.292878179	0	0.295298619	0.70249996	0.141172142	2.010673472	2.537211261	0.329310879	0.415649771	0	0.050425157	1.422067899	0.088941365	0.095183454	0	1.567279532	0.500938639	1.835387689	0.548355201	0	0.345713085	2.011779345	0.213166886	0.180139611	1.350458774	1.093960083	0.323852189
FAS	4.055241721	8.872808323	5.598366691	11.69522322	8.638533236	4.27174952	5.923202236	11.6207768	26.8200724	9.719114451	3.271467181	16.51599087	16.76027943	24.78313304	28.09543362	34.91104791	16.99869274	8.22345653	22.04941812	13.47063446	15.116009	30.68601999	22.30627437	10.63412549	17.49341475	10.21642515	10.74456928	10.46018062	19.65639889	11.05021999	9.586899417	10.35528406	34.30883999	15.99088288	5.949847389	14.19309863	7.597402411	10.71005332	15.53683503	9.855105113	4.892971974	14.57184092	7.8011973	21.51607417	18.49946757	7.906399178	4.447939748	18.35749182	18.378878	20.47287645	27.72480784	14.4121102	20.41587371
FASLG	0.6090285	0.046223333	0.114422348	0.573679419	0	0.019271544	0.420793098	0.04177403	1.306047612	0	0	0.284025845	0.043366763	0.502299352	0.405839411	0.190386663	0.025324348	0.081751335	0.140900374	0.060484366	0.171739242	0.480495161	0.367020829	0.666446122	1.171908393	1.693510095	2.03121699	0.173273561	0.790734991	0.409665515	0.90498773	2.021475377	0.178342758	0.185180356	2.051639083	0.884154536	0.34026505	0.322088093	0.500141192	0.856387423	0.260703006	1.196081748	1.244136386	0.866953764	1.757622723	0.453399265	0.240145817	1.014822536	0.141663916	0.028942098	1.652810144	2.153071022	0.323752511
GNLY	0.457312641	0.060161539	0.040615996	0.28717961	0.015856852	0.068407349	0.26969054	0.197711241	4.795459371	0.192221987	0.012408858	0.235245267	0.051312361	0.414466935	0.449216312	0.131406942	0.039952321	0.076001908	0	0.214698685	0.609615205	0.101523361	0.927749829	0.774955743	1.431644082	0.393602132	0.887732649	0.330310811	0.54265517	0.121180966	0.253610131	0.608096771	0.281357962	0.845134114	2.488994205	2.584601206	0.27679296	0.335105725	0.473421096	1.994921662	0.445565828	0.782098685	0.458290717	0.180735456	0.602004505	3.69568533	0.372094645	2.106245741	0.122491088	0.059928451	0.554977708	0.909840613	0.059854687
GZMA	3.373956713	0.111740781	0.875918395	1.711298808	0.215978819	0	1.695382906	0.196359699	3.466296821	0.209453315	0.126761475	0.22886904	0.058241821	3.514974259	1.345029774	1.118645595	0.646204264	0.164688794	0.652843639	0.792000924	0.95141815	2.212484095	3.293542735	1.157380743	4.966919835	4.630016637	9.676801805	0.504199418	3.472615087	0.736852534	0.863576461	8.765755677	8.802190433	0.426339977	3.714509024	5.657729952	0.856833727	2.259785632	1.813570015	6.685150428	1.517211317	5.495390472	2.600902116	4.174933434	6.273954625	2.689387443	0.875403996	5.965535947	1.22934312	0.670497323	4.679438952	5.45270729	3.261011624
GZMB	1.348425554	0.153739265	0	1.34072505	0.342872115	0.147916954	0.15700215	0.13359696	0.795591083	0.38238961	0.134158141	2.616016927	0.036984175	0.321279352	0.267955515	0.121774602	0.237569071	0.089639259	0	0.851110626	0.714008028	0	1.536564232	0.323377593	1.36285977	0.348170896	2.095108745	0	0.728305595	0	0	4.908905359	0.342213337	0.067682604	2.325530849	10.26807866	0.181366175	0.795636855	0.383878746	2.191040821	0.444667069	1.181106002	0.180174599	0.168996151	2.879544906	2.158903855	1.945617954	2.319727434	0.041820319	0.351725462	1.314314424	3.226445703	0.232962418
KLRB1	0.200246567	0.124190025	0.083842627	0.363774676	0.130931679	0.070605826	0.471067149	0.076524484	1.11397106	0.01587197	0.128076547	0	0.105922878	3.083295581	1.774672732	0.736277696	0.494835713	0.28525258	0.705502851	0.092332782	0.524339194	2.179551314	2.444849043	0.645502094	1.394013485	1.920462709	2.860527213	0.37619459	0.965681096	0.750452897	0.794976817	0.418426533	6.679205783	1.809204559	1.68094117	1.206800916	1.108125242	3.458753608	0.977271829	1.045858795	0.28300642	1.896358748	1.261384734	1.159597445	0.489549856	0.584473304	0.502760332	1.259664035	1.397358892	1.007343628	3.136836354	4.657842222	0.988452779
KLRD1	0.025496591	0.004791702	0	0.017154803	0.008335502	0.005993304	0.02908077	0.009382683	0.030086734	0.044460111	0.010871648	0.088329885	0.013486734	0.220614191	0.09228476	0.052630052	0.192516632	0.007264013	0.007303158	0.078375747	0.0044508	0.106735966	0.10030546	0.142937718	0.118329424	0.031349333	0.140376241	0.011974836	0.07131465	0.004550102	0.238651619	0.149174394	0.289641395	0.008227098	0.043074714	0.010782955	0.064667687	0.079442758	0.051846706	0.160907706	0.030028392	0.080485247	0.034068162	0.027389567	0.054341081	0.044390064	0.08772351	0.187981588	0.15476224	0.060005154	0.226905944	0.197688112	0.073415837
KLRK1	0.06250422	0.032890848	0.040709396	0.372883649	0	0.011427443	0.16634506	0.057798387	0.725275538	0.061652487	0.037312182	0	0.008571727	0.71326838	0.605507722	0.075262358	0.135149159	0.041550918	0.15874436	0.089663503	0.20367236	0.732649135	0.455049268	0.299793551	0.758079554	0.842810968	1.671039134	0.079913544	0.468881951	0.19086514	0.442484693	1.015825257	1.956409512	0.047059866	0.446585305	0	0.31105729	0.368805388	0.474509778	0.825194271	0.412237341	0.423055634	0.264471136	0.567933105	0.731380459	0.119489805	0.081370978	1.233112895	0.187390016	0.128713421	2.569363427	2.206877589	0.635918693
PRF1	1.099833765	0.410869995	1.000672961	0.996455599	0.51876088	0.069072949	0.465029571	0.219598456	2.080501226	0.00931643	0	0.122160441	0.031086977	1.307614079	1.088609187	0.147849585	0.30255791	0.125576841	0.303008548	0.314342152	0.153886682	0	0.789284268	1.153152029	1.767418654	2.124453936	3.062962694	0.296721989	2.397688749	0.933432382	0.068287398	5.820848159	0	0.132744457	2.550444751	0.012427377	0.315057103	1.050925873	0.501928829	2.033516254	0.664469403	2.120931297	0.799295213	1.621730485	2.652488622	2.437606255	0.983690457	2.397053935	0.257781242	0.404562946	1.424960209	2.910420412	0.652720357
CCL13	0.642172424	0.020275363	0	0.072587953	0.058784028	0	0.346080593	0.259586091	0.045466951	0	0	0.062292424	0.063407863	0	0.57424853	0.139185066	0.074055	0	0.092706625	0.265308095	0.376657754	0	0.951302744	0.453614499	1.668976858	0.464274867	1.063546755	0.042224757	1.05788428	0	0	1.427734375	2.346843344	0.058019535	1.480896107	0.152088146	0	0.170510875	0.767835232	1.056501647	0.190590897	1.012479082	0.102967339	0.362171277	0.270513015	2.209762855	0.376204825	0.291895652	0.023899745	0	0.930726805	0.74204522	0.310648009
CCL22	0	0.005720474	0	0.027306541	0	0	0.065095264	0	0	0	0	0.052725401	0	0.024538107	0.032403602	0	0.010446909	0.021679978	0.052312343	0.028070179	0.239107301	0	0.041292274	0.071101347	0.103594429	0.130990132	0.107571624	0.017869888	0.156574745	0.018106819	0.019648917	0.169608342	0.735707185	0.032739169	0.016069955	0.042910025	0.061410823	0.178686111	0.030948058	0.132480228	0.071697547	0.064922732	0	0.035763948	0.114483482	0.171451689	0.035380707	0.061766401	0.020229163	0.035817955	0.221132212	0.266458224	0.187812805
CD209	2.126484003	0.57083827	0.1778031	0.654152199	1.326209765	0.48071893	1.132815885	0.569416436	0.881650943	0.494260473	0.454587595	8.432170102	0.496546487	2.572947065	5.235718128	3.419091856	2.941043843	0.764120188	2.310475642	3.314307584	2.212202979	3.635010116	1.773724872	1.503598581	1.605711519	1.558171244	1.466676355	0.991985248	2.399273406	5.055602994	0.792086376	2.662042118	5.287353694	2.585470891	0.977027026	0.694750641	0.324667641	0.735760662	1.390741503	1.160034873	0.864711563	2.007921557	0.81593568	1.316788793	1.75271168	4.274657081	1.725547724	3.18383827	0.793196467	3.21916912	2.164633989	1.018802993	2.606445177
LAMP3	14.70047879	1.371080544	1.451455792	1.794037958	2.505240174	1.148782595	3.068560941	0.335341901	12.78286808	5.367317284	0.030007472	15.3055037	2.798807999	2.332341112	1.760568618	1.498068902	4.762259902	8.638133942	0.456911806	4.333800725	1.71988797	3.142487316	0.795571749	1.621959795	5.269275217	4.182241268	3.289925128	0.408564967	4.532593249	2.142007928	0.386144038	8.071508629	9.355338086	0.82001454	4.012640064	8.110326406	3.664516744	1.483016648	1.645708977	15.39142862	0.442043317	1.731184811	5.278191481	1.783676793	2.191030352	9.105186267	6.151430955	4.966448356	0.831471173	0.72460385	1.374017559	11.30904719	2.142187398
NPR1	11.27881974	18.4489626	54.2272506	75.55149245	4.073939723	13.30433147	16.75023704	0.931360382	16.86588832	17.68408586	1.200308982	12.43361566	19.73786134	12.80650337	13.27058551	16.79377995	8.950706529	5.504170886	11.51961563	1.818836469	32.89567726	5.717073198	17.12368584	55.06724089	27.87078111	31.5365507	12.54972284	26.39656574	66.82721452	25.45419581	53.73364645	14.54919416	17.73574674	52.3978031	65.54317899	11.89252827	65.2326849	24.4436666	44.06216634	8.272041887	6.166133827	26.46419431	11.91044334	18.64423285	9.632259964	9.071138992	3.101167596	14.78395186	10.70064739	12.80693686	13.56322034	17.83721577	36.4200736
PPFIBP2	5.628069892	5.770506786	3.005256255	4.783254791	6.891575567	4.376538152	4.085065478	1.073326159	3.314280912	7.011300108	6.482461116	2.38023802	3.330766521	5.526574246	5.008182572	4.999843562	4.592811782	2.581244777	3.991348142	2.698721389	5.116405551	3.843400941	5.46324803	5.328977759	5.679283011	4.433676082	7.00036958	2.629372263	6.880056061	3.365773951	8.696808955	2.656743768	3.44354692	3.167096975	4.778487906	3.323991185	3.97440284	2.97230531	5.223081643	2.356130437	3.13179092	6.288176034	4.889966201	4.425381917	4.077804285	6.383779402	1.392221453	3.532976153	4.905329937	5.045471536	7.145657547	2.481335889	5.325697841
CD19	0.179287342	1.538221178	0.441698951	0.264335777	0	0.269353937	0.046677209	0.041704715	0.055190709	0.060549926	0	0.018903638	3.117225941	0.299120005	0.827758505	0.464617404	0.106747607	0.03109169	0.018755544	0	0.028575713	1.142137807	0.066620333	1.300090227	0.101295572	1.086878614	1.211836261	0.160172268	0.210512782	0.058426537	0.792531659	0.684108868	0.059348945	0.158462646	0.138277456	0.069230389	0.028308371	0.753987881	0.233011946	0.106870803	0.30846865	0.977623356	0.406212226	0.500075469	1.744444874	0.117352911	0.525160851	0.830441516	0.029011047	0.375622971	1.456816483	0.757442311	0.296280702
CD3E	1.694793281	0.416578853	0.174288892	1.981526916	0.357230789	0.012231061	1.390961128	0.362340261	4.289272856	0.008248513	0.252928663	0.234341296	0.091745203	4.370834462	4.486770952	1.157979125	0.626831052	0.348371233	1.234067301	0.45105408	0.735734173	0.261390526	3.959927612	2.785787776	5.95019592	5.258936656	13.547704	0.109971441	2.820427154	1.281439411	2.186629401	8.959035847	6.225378807	0.856277761	5.999607927	11.99311824	2.051580501	4.877871791	2.856819152	3.295107946	2.132598661	4.701195666	2.771103075	4.496157741	2.915980972	1.630632495	2.583766981	7.771157243	1.23798829	0.642903322	12.67291094	15.98791505	3.159191008
CD4	2.505106593	0.629822079	1.522819077	1.879025005	1.528771731	0.41983378	2.00008306	0.794229092	4.237076831	0.64862962	0.274163068	0.821256649	0.790156314	1.685904891	1.664545747	0.58443525	0.748967931	1.133342241	0.775755963	0.748671557	1.258460091	0.924417318	2.273131974	4.787965019	2.839370228	3.282075016	4.863557331	0.632945128	2.195569318	0.990981767	1.018781447	5.347008119	3.072860988	4.055141536	2.983115358	0.7553511	0.960285541	1.271372148	2.694199251	2.756080054	2.765150343	1.961535571	0.874013525	1.609051401	1.355726108	2.304721558	1.408686324	2.589709179	0.880530161	0.498674828	4.494207704	4.178809888	2.196048381
CD68	17.70977944	3.054971263	2.788138812	11.71045378	6.419253954	1.624271306	9.59802534	20.06772522	26.01878323	3.383789476	1.995365098	20.90485371	6.248649963	14.22949273	16.15776868	8.4998447	10.10152318	8.96613612	7.889606653	7.419611342	8.168928296	8.878576949	9.383149026	8.36130803	17.26009108	9.488734488	25.42542765	4.996557242	13.1576036	4.395361133	6.505340214	37.51206445	22.96867287	4.039881728	15.06188626	14.32233688	11.23958804	14.74577283	11.18531208	22.33268751	42.47134134	20.54020182	7.678897591	15.16517292	13.40630863	14.25143798	28.80020996	28.3628143	5.056050115	8.525608854	18.30304825	22.53593175	18.84421474
CD8A	0.988952601	0.440813385	0.045466668	1.950779609	0.306197819	0.516895266	0.80119361	0.401148708	1.307719091	0.277580398	1.750243197	1.763437846	0.387723205	4.464575967	2.607529205	1.568197061	0.54507048	0.411857943	0.440904953	0.570806643	0.319884423	5.864239626	2.535605823	1.038725331	4.29381727	4.971873151	7.021406439	0.392072093	2.223001071	0.770317075	1.727047305	3.914141875	9.434032548	0.735829482	2.850745381	2.557447551	1.633752893	3.309940647	2.608400095	1.488780282	2.373994762	4.60681275	1.638176643	4.638328737	3.04786806	0.950854754	1.709678737	7.949276868	1.834880871	0.589394599	5.258499959	10.25120974	2.593015737
MS4A1	0.052069744	0.013700019	0	0.134880694	0.009930061	0.028559226	0.116922959	0.012897189	0.030721922	0	0.054395729	0	0.123178103	0.190991287	2.881037407	0.229239688	0.034401679	0.116823578	0.067861808	0.061623414	0	0.699348421	0.51917915	0.263936022	0.456728261	0.291301712	2.664377876	0.003566397	0.164054788	0.130092585	0.005882173	0.888555196	0.914012737	0.049004595	0.933287681	0	0.047273585	2.098537698	0.111176706	0.198298863	0.300491012	2.612132553	0.900124118	0.82898344	1.565097136	0.186641505	0.923596231	1.972332691	0.222048839	1.265266313	4.526353858	1.481404279	0.592229697
PTPRC	12.24994593	3.115126365	4.484957932	14.2477485	1.954794378	1.825391857	11.56648927	4.815799171	18.62433157	2.125533201	2.492378007	15.14569171	3.334487292	24.52541647	25.6553324	10.87217181	8.469918815	5.6639819	10.56491606	6.082147722	6.978028821	18.36065487	19.18909445	16.40013055	32.55471614	19.45546973	46.45774515	3.284591254	14.87243788	9.821233344	9.042621308	36.74192312	58.81843208	8.232468631	17.52689916	21.70690675	11.60839883	19.72277356	13.58694759	20.57385925	16.26553195	24.47177812	12.77904904	24.35299484	23.22711789	8.875403392	16.05160057	34.19069613	7.733226273	7.965297918	55.51525187	55.18467099	23.28663772
CD244	0.029270081	0.057759167	0.457530965	0.103391979	0	0	0	0	0.323808417	0.024360095	0	0.017745471	0	0.2890525	0.482585425	0.128863016	0.084385276	0.058373598	0.052819351	0.170053397	0.026824968	0	0.062538714	0.129222822	0.256741674	0.3778848	0.743149796	0.186445177	0.306303748	0.06398808	0.178554173	0.021406522	0.854263253	0.165282373	0.356965478	0	0.150586031	0.222052831	0.281232041	0.702262143	0.253373522	0.563746849	0.124663901	0.185711502	0.423841178	0.236063711	0.114315568	0.51970864	0.183827009	0.198908051	0.795418651	0.518864245	0.214917485
CTLA4	0.118543829	0.038987438	0	0.418737516	0.135642772	0.016254737	0.488016762	0	0.524569635	0.065772256	0.442283029	0	0.01219268	0.256430861	0.607321489	0.240874715	0.213600229	0.18716035	0.261455787	0.012754005	0.217282242	0.31843229	0.731702952	1.182388821	0.847247523	0.637680599	1.250206618	0.081193867	0.453527163	0.629368474	0.3615722	2.051815119	1.027901544	0.133878722	1.379996086	0.848104621	0.107624722	0.627646206	0.337478449	1.489798974	0.171027128	0.654864072	0.702884405	0.36910161	1.248404925	0.297440276	0.598013315	1.79611306	0.137870256	0.231908704	1.054976316	3.787708989	0.358406511
EOMES	0.190817952	0.045641749	0.045193072	0.092594644	0.026465676	0.076116273	0.155811996	0.051560534	0.286581077	0.006416513	0.113909655	0.210339162	0.014273707	0.378510589	0.400733117	0.039164835	0.100022864	0.040361368	0.055651023	0.014930837	0.021197301	0.338892531	0.560077289	0.170188153	0.879143603	0.582284714	1.883694286	0.080794117	0.261563283	0.440628141	0.039193032	0.422890055	1.11529265	0.182850406	0.384650363	0.025677355	0.160992245	0.537370433	0.222231774	0.34353	0.557749456	0.642315964	0.295531189	0.876427743	0.2435801	0.223847285	0.474248578	0.969199753	0.139881493	0.278634983	0.860115694	0.485938505	0.509488468
FOXP3	0.236940032	0.062341059	0.154320551	0.409177299	0.030124069	0.021659488	0.679842211	0.113463139	0.419394403	0.021910434	0.023573741	0.19153175	0.129974275	0.074281504	0.073568889	0.053494385	0.237185809	0.183762341	0.126687509	0.084973756	0.048254877	0.231442919	0.281248979	0.568226381	0.547374527	0.475838375	0.802102028	0.021638216	0.524341986	0.073997246	0.053532898	1.078216915	0.484399734	0.178393814	0.583761613	1.412627561	0.207148179	0.287101971	0.281056928	0.571485964	0.179059713	0.448096213	0.277021251	0.343352352	0.086640805	0.481270114	0.353443575	0.532889047	0.030618758	0.130113293	0.363991228	2.264296427	0.409352393
HAVCR2	1.816540245	0.342875822	0.643002296	2.244275489	0.25605459	0.064978463	1.014836924	0.680778832	2.190170771	0.335959987	0.48326168	1.803590645	0.56051406	2.36215184	1.589087993	0.624101154	1.100542152	0.905685823	1.124351642	0.99419294	0.554931089	0.713615667	1.143745849	2.376219413	2.12962902	1.512486263	2.313755849	0.881757312	1.617461719	0.460427307	0.767304873	2.907334896	3.307280946	1.546079719	2.408016654	2.386853465	1.298659735	1.728853173	1.180439096	2.616804153	2.62078307	1.969264937	0.784893545	1.809559693	0.658470115	1.571205371	1.889316562	2.206347631	0.483776371	1.10596299	2.560490017	3.370517582	1.660151372
IDO1	4.848696374	0.717601348	0.248691461	3.57388842	0.554807975	0.169537652	2.186629176	0.061249814	19.68589926	1.755372506	0.15195871	2.998394401	0.36654944	0.930290657	1.422697441	1.617417851	0.345099911	0.380748405	1.020800585	0.305174668	2.621756102	14.49278572	0.241727907	0.998957618	27.63675431	40.70435196	16.79442985	0.28892726	2.524741109	0.794989523	0.492969233	22.37569476	37.96208998	37.55116471	28.38366787	51.53154512	6.427039036	1.166738262	2.510528114	3.794648867	0.269821631	1.259635021	5.891618137	1.5040076	2.010583333	19.70882929	2.047540781	3.512539051	1.917324133	0.681462776	23.79843106	17.69969706	7.916180511
IL10	1.309359508	0.470660792	0.168156599	0.67748053	1.125426122	0.010114899	0.506133503	0.259452885	0.380830335	0	0.594477776	0.626112222	0.386946531	0.270575618	0.803939593	1.115848168	0.677881041	0.220670533	1.649157134	0.484125556	0.833789275	0	0.595418019	0.940820301	0.766865505	0.301577123	0.412996934	0.353673782	0.792700907	0.737203926	0.399994577	0.089914861	0.514829233	3.540642557	0.08178434	0.664241329	0.156268134	0.26815107	0.28875555	0.365206653	0.653757998	0.704873222	0.190971628	0.606707975	0.356056169	0.515605978	0.918316088	1.266115428	0.034317226	0.972198655	0.67993011	0.419738392	0.223027024
LAG3	2.006116392	1.386911757	0.459561484	0.944838942	0.395772705	1.183787384	0.849170845	0.1644898	2.522374322	0.368462376	0.557485022	0.838787059	0.221989767	1.561467226	0.603130074	0.580992896	0.727936906	0.303510239	0.108188065	0.428694821	0.355027049	1.398730128	2.266312129	3.827718681	0.844995993	1.14315098	1.594223543	1.137139244	1.92887847	0.51849728	0.300083191	4.634210776	1.404488127	2.2187536	2.853058476	0.348145493	0.561054126	0.2361582	3.958414599	1.92843049	2.515038977	3.643822341	0.436743582	4.07696301	1.183826387	0.788511502	0.614640227	3.842031152	0.18021784	1.179513616	1.002602305	1.980207359	0.645372981
NOS2	0.028834257	0.155524337	0.394378639	0.072428444	0.109977848	0.158150202	0.10071836	0.128555566	0.076556878	0.010665502	0.223765653	0.03496249	0.047451395	0.08678052	0.096691495	0.084629519	0.0311733	0.124592932	0.046251452	0.08686292	0.08808517	0.126743804	0.082143371	0.30174513	0.0624491	0.086860244	0.041297073	0.244892074	0.090847344	0.192107623	0.0130293	0.112468182	0.09757026	0.16282136	0.042624285	0.042680795	0	0.018228877	0.123130919	0.043924167	0.07131453	0.232473265	0.110767717	0.210049461	0.379572991	0.051677507	0.286225822	0.157004228	0.245924516	0.011875537	0.128304689	0.088344924	0.058118507
PDCD1	0.240976423	0.063403069	0	0.302652972	0.183823487	0	0.420866575	0	0.213269497	0	0.323666966	0.097397294	0.024785335	0.045328156	0.044893303	0	0	0	0.048317135	0.051852795	0.147230769	0.294232079	0.171624117	0.197013545	0.260952808	0.622214379	0.784390608	0.099030753	0.149136064	0.075257825	0	1.409894837	0	0.18143284	0.267167826	0.208072688	0	0.152344119	0.171506923	0.091771817	0.198665546	0.359786648	0.24149181	0.268979556	0.951661155	0.259130535	0.196071633	0.19967208	0	0	0.689323031	0.527374771	0.242856783
PTGER4	0.906695277	0.776888502	0.52448957	0.606838568	0.341275786	0.451500085	0.598295397	0.184391952	0.897471939	0.105908674	0.790518515	0.144657633	0.309220682	0.255826843	1.100170417	0.266656828	0.193469733	0.160599456	0.215286547	0.246443073	0.437343865	1.748012264	0.679737939	1.275783667	1.038702629	0.970339711	1.933904108	0.269653448	1.139727129	1.013430049	0.954186649	0.959759957	0.923458869	1.050932856	0.806839591	0.282547504	0.180521778	0.565666117	0.407564267	0.381646977	2.28675017	1.154232387	0.430405801	0.748531589	1.57048682	0.179605584	0.355278609	0.703269614	0.388505727	0.162145981	3.105541878	0.736277734	1.051179368
SMAD7	1.491121051	0.938270297	2.232338397	1.218616119	1.461086196	1.935195381	0.949477307	4.409568574	0.43865264	0.652538839	1.842948476	0.804702273	0.845032925	0.511980067	0.35682592	0.36415437	0.626668186	0.389520248	0.500262115	0.536869354	0.862279087	0.553890316	0.753856791	0.873621248	1.533767515	0.498893528	1.256760134	1.695085323	0.479256419	1.243569317	0.347334518	1.105883121	1.044673505	2.258000882	0.80098171	1.088043673	0.427105991	0.215090242	0.717468589	0.287933259	0.467483534	0.729975052	1.128098953	1.003821773	0.917865764	0.776885532	0.602869541	0.620502997	0.304832151	0.202402046	0.841067448	1.36783048	0.899839647
TGFB1	1.379423525	0.924466667	1.627340054	1.581295835	1.310364566	0.214128267	1.850710385	6.103649964	2.050057098	0.418777696	1.421622076	2.082856198	0.762933791	4.824717458	5.745755106	3.199553643	4.131620559	3.114336573	3.632098518	3.780272894	3.864132943	6.902351118	7.006761275	1.953376563	1.910904018	2.217691791	3.009210356	1.968045384	2.328275253	1.910146747	0.688002368	1.636976294	1.155925285	2.292709167	3.534821205	3.130176735	3.812228801	4.69557546	5.946123063	4.073787395	3.459947298	2.611328573	0.834640762	2.385269615	2.329792304	6.675044735	8.017566698	8.272005192	4.861372857	2.829894039	9.591758569	11.19255174	5.02490877
TIGIT	0.055531942	0.019176878	0.020344673	0.14384912	0.007942744	0	0.067544396	0.010316057	0.036860253	0.011554148	0	0.084167895	0	0.047005521	0.104747797	0.094031611	0.025015295	0.041530453	0.012526277	0	0.012723253	0.010170671	0.029662509	0.061291205	0.198446856	0.143386529	0.336212331	0.034231793	0.138252049	0	0.023524827	0.842719694	0.132124724	0.03919724	0.146223131	0.441819685	0.042014066	0.105321069	0.088926763	0.237919569	0.051504288	0.230078659	0.125214099	0.127232654	0.228443822	0.052251042	0.060998175	0.108460488	0.012917084	0.012865003	0.251514747	0.27344512	0.083947894
CD226	0.088220076	0.072077808	0.078627144	0.145788822	0.056670919	0.01018673	0.090360843	0.13708808	0.073967429	0.097895158	0.019402298	0.127613047	0.074500409	0.249789029	0.216252352	0.075477252	0.128284199	0.120378719	0.076340377	0.101908784	0	0.081637893	0.132274943	0.163990658	0.140785939	0.171840892	0.342174848	0.040706904	0.146290894	0.081204289	0.201417578	0.249021838	0.604899535	0.129347161	0.144138986	0.142039127	0.076815393	0.190799981	0.092529233	0.15560777	0.130148973	0.144194154	0.136490712	0.149480832	0.211890969	0.119830979	0.154139592	0.211052161	0.115203104	0.174020218	0.425022619	0.430848398	0.22461086
CD69	0.709156087	0.15908857	0.160441787	0.534396341	0.580824394	0.122828873	0.759889137	0.026625044	0.845633912	0.215370075	0.922422486	0.307744811	0.082920558	0.412818411	1.101413547	0.677507389	1.059905656	0.290298892	0.709452287	0.250576563	0.738851691	0.503121383	1.488606886	1.31823705	1.241643349	1.002275383	0.874739146	0.177926957	1.189397216	0.345030158	0.64763717	1.615965636	2.405979414	0.134887224	0.645538928	0.68506795	0.406632955	0.884852012	0.350646305	0.750510783	0.627720632	1.203683963	1.024864973	0.568348018	0.510984949	0.818770977	1.013105071	3.679372009	0.215308682	0.617957739	2.106866038	0.940991089	0.412692997
CXCL16	5.351308108	2.903580001	6.063606037	5.425713449	4.953980325	4.271858926	2.560778859	8.733471988	4.287209523	2.326559127	1.843495205	11.16009035	0.859468271	2.972792082	1.82747964	1.896851249	5.749947877	2.618982274	2.249134194	3.439791172	1.720313155	5.722515252	2.501279859	11.53969516	5.930980855	7.09435078	4.913722661	4.230337127	6.975412246	3.905059884	3.211577771	11.51399558	6.915331444	4.530530086	10.07004458	13.7918437	18.98462938	10.8598011	3.555425482	12.38339127	2.602103697	4.963332424	4.55871948	5.656122062	5.001851515	9.978724942	1.189838119	2.591096462	3.140921055	0.822979389	2.742528323	4.929674761	5.858378777
FOXJ1	2.745707862	2.612324102	1.931999445	0.146251492	4.058097574	7.597063158	4.758693625	1.739077474	2.936265182	6.120862237	0.087806944	2.91310389	0.201718869	0.258236621	4.073879338	0.653112604	1.507779274	4.074249262	7.353507163	1.360985917	1.527778886	2.993310526	0.605274185	0.513095024	1.582231351	8.102364272	3.21747114	0.181344479	18.44921975	7.247871788	1.739194948	7.936614851	4.645505993	2.990147874	21.12774762	0.03628775	0.969422186	8.679115597	1.814582617	0.672207851	4.74954677	1.522650132	3.504989109	0.674020765	0.839066124	7.521991757	2.561188491	0.626808396	0.996019784	1.736637763	1.714212717	4.528178609	1.482392605
IL15RA	1.117242144	0.330701041	1.39848486	1.200388564	0.226382423	0.114897232	0.897235398	2.715417364	1.895169643	3.984052264	0.062525891	0.747903454	0.165186821	1.175557456	3.629430904	0.417775487	1.014948955	0.39456407	0.385022972	0.92405977	6.506106947	2.881771191	1.077514669	1.198859128	2.185307673	2.04338631	3.445754724	0.502181724	1.65003082	0.268958274	0.544287968	4.970626192	1.25526368	2.024088062	2.090261855	6.218806005	1.852565868	1.848558879	1.192739689	4.786682387	0.604455909	1.032126694	2.571653926	1.288095591	1.80777601	3.867039377	0.948820395	2.570587939	1.678376515	0.905904401	4.017090619	3.927401012	1.849791565
IL18	1.054986988	0.365119973	1.791796861	3.034770903	3.992913594	0.494069124	2.90351949	0.795991717	1.163517601	0.774454637	0.755735208	1.298886715	0.100162517	1.108240125	0.997825709	1.330179115	0.298302354	0.663559918	1.708518445	0.64959745	1.160228785	2.639693116	3.490956621	3.264302418	4.028429624	4.107005767	3.740458463	4.328864292	2.279259464	3.963853655	0.473048609	4.866758362	5.622589206	4.839163321	2.249330976	4.192305365	1.689678302	1.439089345	2.564447564	3.152381008	0.64227791	2.1518758	1.211763518	4.124880589	1.944292827	2.042037189	0.499189865	1.244954566	1.827261636	0.360970736	2.41426716	7.139611848	1.430088169
IL21R	0.534805432	0.107063578	0	0.412502724	0.017737582	0.025506975	0.272670199	0.07602414	0.569349579	0	0.055522533	0.065786738	0.004783196	0.083102688	0.116960372	0.020998957	0.022345469	0.0154575	0.023311198	0.010006809	0.099446623	0.181703552	0.331208697	0.463851893	0.795687394	0.760494025	1.356325139	0.054149091	0.729991179	0.222695612	0.010507037	0.963646661	0.570446177	0.06127416	0.438254617	0.08030979	0.060986247	0.194775799	0.33098253	0.673001986	0.143772968	0.430487106	0.182533439	0.570999036	0.214265648	0.200033162	0.211897684	0.374327412	0.014423091	0.023941561	0.768611787	1.943909913	0.100430789
KLRC1	0.156711017	0.074217747	0.030620065	0.184519044	0	0	0.093838836	0	1.692051399	0.46952322	0.182421258	0	0.067696942	0.159179372	0.359096889	0.074299959	0.152481112	0.015626513	0.188528669	0.222556911	0.287239929	0.022961288	1.026812434	0.292116379	0.40728479	0.708113816	0.355031266	0.025760545	1.06860595	0	0.180572669	1.398239414	0.019885636	0.106189942	0.677600535	0.011598271	0.161246495	0.208051075	0.301141352	2.327549445	0.116275988	0.336924436	0.52610471	0.176763209	0.206293747	0.758326235	0.351923951	0.400680336	0.160388724	0.30980274	1.688515122	1.337546636	0.108297495
KLRF1	0.973125666	2.105692945	12.06411113	0.837622736	2.303774067	12.00915443	0.376751757	0.059842956	0.207885003	0.577160246	0.030047164	5.330105652	0.869744522	0.719563754	0.900202934	0.409104675	1.620423325	0.602290448	1.554209398	1.581294152	2.890773529	0.098332626	0.143392337	5.728263093	2.267477258	1.386297379	1.101005005	1.406587095	0.464431294	2.38936715	0.318421609	0.098164193	6.983204141	0.075793774	0.669657965	14.28014144	0.568683718	1.861526382	0.716472105	0.920106726	0.78843118	0.420843578	3.110573844	1.644099506	0.088346116	0.685596464	0.344018413	0.50047942	3.465576797	1.22309077	1.119865732	3.304671085	1.42035173
LILRB1	2.625593769	0.444086502	0.912610271	1.669702925	0.596238922	0.137305787	1.267422947	0.546691268	3.564456083	0.770743305	0.357480473	2.069889376	0.252041267	1.803732143	1.249409538	0.847600809	0.803362322	0.757484303	0.716632968	1.186054474	0.521072449	1.716646467	1.606055479	4.948462466	2.933820423	3.051333363	3.887258418	0.475037602	1.900045499	1.022830833	0.358828543	4.658541285	2.641826871	2.299632579	1.760375071	1.033060231	1.056766716	1.269254333	2.111973942	3.177836302	1.559691403	2.109284986	0.825640564	3.225520353	1.738838175	1.742408446	1.673855061	2.503571591	0.282756415	0.534716663	4.464884729	4.647359032	1.797186839
NCR1	0	0	0	0.220314178	0	0	0	0.026547712	0.158095837	0	0.059999092	0	0	0	0.037449013	0	0.048294188	0	0	0	0	0	0.222667675	0	0.14510544	0	0.287408826	0.036705553	0.271005623	0	0	0.098008624	0	0.075673657	0.17331375	0.049591341	0	0.147675666	0.04768911	0.204144123	0	0.080012527	0.078328764	0.164860835	0.088206106	0.144107356	0.032711735	0.379834336	0	0.041394998	0.934684019	0.117282252	0.077155189
NECTIN2	13.75080962	11.17495406	12.39635568	16.83743081	10.6403333	5.094135505	7.738412623	9.191858838	7.059868048	7.73600314	8.002888017	10.43965761	5.829287175	4.042422496	4.136254461	3.214237691	4.442374833	6.129134223	6.130446476	5.937190331	9.692344149	2.383948656	4.522491604	6.673243335	7.958031333	15.24366782	20.50923407	16.94829767	14.33379392	9.654524666	11.39578349	14.31224491	3.426695805	12.09702657	7.591365812	11.43977608	9.581150451	2.978687118	10.54259407	11.20504102	7.335610363	7.004312678	8.803714348	5.970101204	13.52035545	11.06878895	6.652371014	5.424758227	7.048847138	2.491963375	5.085183998	11.40932835	9.213795751
PLA2G6	4.531549986	2.518349289	4.12051019	3.853161542	2.1548061	2.411484956	5.393605888	1.067040289	2.860395618	1.136958853	1.523667747	0.641619612	2.100192907	4.686946007	4.67677515	3.130780192	3.739096034	2.576177303	7.598549684	2.940338002	2.519851929	3.443331074	4.781034796	4.010632437	2.406693299	2.625460129	2.247266045	2.227899949	3.162775027	1.296137169	1.761672433	1.927390696	5.319063648	2.624789534	5.113228853	1.482056995	3.23103062	9.000335104	4.530389379	2.844992575	1.828386417	1.979772121	1.185349897	2.466824111	2.677049907	8.412580745	0.883895161	7.505349049	5.780175261	3.631194595	3.967210235	6.464666508	2.258620665
PVR	1.265368221	1.44756047	1.232826677	1.573992833	1.11864136	0.347965457	0.991243881	2.695582672	1.251809991	0.880954185	1.25411681	0.74823437	1.49759224	1.146400661	1.329157456	1.197526803	1.064428298	0.795086603	1.317919893	0.975729473	0.775227502	0.985422565	0.780216093	1.115579901	1.171294418	1.575441266	1.944543114	1.587101774	2.56525946	1.948828741	2.171198833	2.332566673	0.404717372	1.299854519	2.659743507	1.498409925	1.67443689	1.53855247	1.598844277	1.235761575	1.320425905	0.621120401	1.146478335	0.816287019	1.743307331	1.088556433	3.191958312	1.398519075	1.245067745	1.259322992	0.899124733	0.655514947	1.305688091
TNFSF10	31.07460601	1.643930634	9.003153327	5.538222472	9.771456702	0.970465896	11.03649436	0.920339793	15.77896111	8.364984699	0.759168986	12.09780065	4.655825078	10.92074114	7.444136728	10.38633664	3.095185882	5.427790408	8.292730179	7.027638268	13.78330943	7.453390184	12.91656167	11.92218543	26.10617385	15.07009193	14.14412271	1.858232913	10.80930827	1.941710284	2.390244159	14.25220843	35.47138642	22.43878967	14.94421247	70.7687889	4.365527581	2.266307351	7.581986405	26.56036067	1.26117152	13.67099539	8.219320691	6.895126438	6.292061198	17.48077506	2.843325677	16.49356764	2.480836567	3.271672471	15.21923891	15.00499303	9.298005593
ULBP2	0.443392399	0	0	0.119330608	0	0.312675389	0.284468742	4.170179917	0.224235509	0.017572113	0	2.0737078	0.078179283	0.321697338	0.265509292	0	0.10272011	0.063161545	1.104933341	0.572449414	0.928806986	0.185616643	0	0.18642933	0.576178318	0	0.569058767	0.143168812	2.127550976	0.059345606	0	0.463246754	0	0.357678483	0	0.023439802	0.057507342	0.030033269	0	0.796047392	1.527439708	0.283714772	0.047607932	0.223271132	0.291839978	0.817363968	0.726690579	0.224934571	0.132603303	0.17609153	0.060397253	1.413953651	0.766032394
XCL2	0.225697326	0.059383001	0	0.070865819	0	0.185685785	0.225246602	0.089444987	1.46481248	0.041741586	0	0.091221824	0	1.358532055	0.168187381	0.560517081	0.054223546	0.337582724	0.04525359	0.29139043	0	0	2.143230656	0.369043824	0.488814219	0.388508607	0.881587638	0.092751713	0.812684219	0.281944429	0.305956706	0.770291978	5.059655982	0.169929101	0.750684195	0.055679957	0.409816558	0.784766118	0.481897608	2.06287273	0.372138336	0.808738549	0.30157338	0	1.386499539	0.242700378	0.440735333	2.618166362	0.559985478	0.139431905	1.434703429	1.778171772	0.64988132
CCL5	3.033140763	0.554199083	0.219500432	3.756546839	0.514169722	0.046211605	2.52256958	1.569341708	8.798857089	0.966104903	0.553253355	7.219352769	0.415959966	5.832186212	3.955465568	2.967456876	0.647741231	0.44807564	0.743308952	0.83396057	1.338404661	4.937950937	5.440533349	2.479785399	7.262573717	6.671479069	13.80030006	0.36932977	5.991734732	1.403349697	2.855378179	14.62416182	9.194507616	0.06343536	7.472908354	14.71620412	2.583772262	3.302424484	3.477964627	8.214191241	1.66705262	7.094791841	5.572651116	6.454443079	4.880106236	4.409259959	5.018123658	12.20720484	1.149749173	0.832809739	8.515750172	14.67735944	2.717163225
CCR4	0.083862411	0.022064956	0	0.2633163	0.015993142	0.045996875	0.146466138	0.240954447	0.03711005	0	0	0.033895316	0.51753393	0.181408939	0.351525526	0.028400655	0.191404635	0.236934094	0.025222331	0.036090671	0.179332671	0	0.338453317	0.246826269	0.726515282	0.306761259	0.977255682	0.086159443	0.221758688	0.174603602	0.25578992	0.511102823	1.525297321	0.078925748	0.58885626	0.051722539	0.07613782	0.735616528	0.059686271	0.319375888	0.051853325	0.500838638	0.42721234	0.37935795	0.570380046	0.105210279	0.504939422	0.625392466	0.149553147	0.103617495	0.772985008	1.303078238	0.241476563
CCR5	0.253315336	0.031810012	0.067494228	0.368764726	0	0.009473077	0.267173632	0.078714999	0.458569861	0.038331326	0.030930905	1.242574398	0.099480583	0.987636525	0.476210294	0.319752292	0.207472989	0.206668291	0.200855938	0.096627564	0.084419753	0.253061906	0.410027107	0.564821975	1.024939051	0.550016883	1.340275701	0.132492825	0.287632007	0.251717815	0.156089024	0.724201522	0.438328811	0.065019169	0.370208515	0.443134824	0.320581508	0.933570923	0.467111715	0.552515068	0.469885456	0.567313647	0.35770775	0.657500649	0.66692656	0.346689646	0.758864145	1.087643185	0.192838137	0.106700341	0.779514382	1.360746917	0.43764339
CD28	0.259655879	0.054654242	0.219850185	0.273119914	0.128747251	0.042724836	0.317443241	0.09261264	0.06894037	0.05762646	0.069751248	1.07046056	0.22967665	0.322355879	0.71592393	0.750374184	0.318148468	0.189872526	0.145774921	0.262599346	0.253829545	0.710168897	0.246570241	0.254742226	0.438641967	0.201133729	0.835050879	0.1671746	0.236662046	0.362208649	0.070398227	0.569693935	0	2.355735654	0.182322435	0.012811519	0.282886681	0.537601667	0.110880842	0.098885574	0.42813049	0.31014061	0.320927168	0.344744796	0.148117643	0.279217221	0.430991338	1.014277638	0.157033799	0.251310429	0.54468802	1.375176127	0.44859771
CD38	0.75225859	0.131409897	0.078311809	0.528543055	0.141109101	0.015218814	0.40153155	0.051316404	3.312456683	0.797126106	0.07177666	0.373827221	0.167429309	0.389708699	0.871878771	0.204641831	0.193321135	0.25823741	0.274464969	0.306490435	0.169528948	0.424621419	0.228357054	1.137281444	0.701106583	3.088691587	1.529396628	0.081087298	1.887910063	0.365879467	0.351067137	1.704595372	1.541393459	0.055709584	0.615261073	0.862507468	0.115694004	1.026187797	0.315970781	0.704471388	0.198253076	1.010834728	0.580848714	1.523588592	0.714293227	0.643166029	0.701382151	2.412986676	0.249561853	0.114278446	1.405180802	2.007959984	0.490031556
CD40	8.100573359	1.919524303	6.25905219	6.951090756	4.701672977	1.586787287	9.377397557	1.325992669	17.9007047	8.747023005	0.916074995	8.05299459	30.80158307	11.88702076	13.56330154	10.78017594	16.18571763	2.667422789	3.18789191	2.825712751	22.96331126	11.45120685	11.18016569	6.877770648	11.22391902	5.846122179	9.099341248	14.85290594	10.23042017	2.597929835	3.01243767	14.93956999	5.788652691	13.67534944	10.91481387	16.50874293	17.51054089	9.614071198	14.93251778	2.835870392	4.293171473	4.462177248	6.269101686	8.70199457	8.499940647	31.93972911	13.47689743	16.98572757	7.981708923	8.330295843	19.078141	8.500646985	28.14947662
CD40LG	0.186155784	0.036734449	0	0.21918872	0.026625897	0.019144269	0.470265814	0.18674164	0.494256035	0.219482175	0.020836229	0.25393505	0.057440475	1.011095145	0.689272059	0.283693941	0.109014096	0.092813057	0.209954739	0.015021227	0.170605026	0	0.132580697	0.022829128	0.574524846	0.210290707	1.445182684	0.019125468	0.298494843	0.465097102	0.078860608	0.612648293	0.679132234	0.026279624	0.077395802	0.051665607	0.140840767	0.915750246	0.645889547	0.584877968	0.201429859	0.833812262	0.443065569	0.287076049	0.796427835	0.150134961	0.318079765	0.3140047	0.227330373	0.014375478	0.976261596	2.322181641	0.442219738
CD80	0.572426862	0.083095541	0.025712087	0.718936273	0	0.010826373	0.34474017	0.113427825	0.628895809	0	0	0.670152484	0.154296414	0.475253666	0.514821939	0.338692323	0.379379181	0.308362212	0.269127168	0.169894617	0.192959435	0.057842721	0.35613783	0.735882345	0.658355011	0.611601785	0.452326986	0.037855093	0.475314667	0.008219357	0	1.135624978	0.617834895	0.059446097	0.204252974	0.28243758	0.31062556	0.511631182	0.252872508	1.022340806	0.358007966	0.223978375	0.323090871	0.417460729	0.710233479	0.523572119	0.976485504	0.691605548	0.171411677	0.130072797	0.388972971	1.054038882	0.363755545
CD86	1.75913018	0.208764854	0.588890575	1.813459821	0.211140189	0.060724708	1.06810274	0.749560446	2.732686778	0.122856527	0.154213553	0.596644342	0.668060965	2.443539471	1.601939539	1.324799252	1.307786098	0.852529249	1.33193283	0.794110279	0.698986709	0.973312759	1.997563306	3.958572149	1.934265027	1.46111791	1.92203376	0.278048246	1.428522464	1.060347304	0.908849572	4.444378842	3.215652595	1.806083815	1.404781474	2.813287761	1.54869933	1.615675412	1.602212568	3.120117511	1.734227443	1.366486567	0.634887863	2.020645966	2.056611207	1.097953818	2.372195629	2.769600982	0.452106402	0.691574677	3.647953662	2.746040331	1.615230198
ICOS	0.239776743	0.113557361	0.062467248	0.557120547	0	0	0.418771329	0	1.018597219	0	0.057254332	0.620239426	0.029594332	0.676537407	0.509235781	0.0324809	0.195860777	0.095637803	0.12499914	0.381800416	0.263696029	0.772905597	1.161233971	0.345017606	1.391743712	1.465242953	1.910628724	0.164229562	0.577386021	1.178161734	0.292538567	2.688845288	0.588238921	0.108317756	0.903848368	4.270873765	0.406356229	0.939831263	0.307175564	1.534090987	0.434888316	0.730310784	1.057274085	0.749393304	0.715453232	0.206272381	0.780382032	2.270606066	0.096674242	0.434514449	2.758807225	6.359961319	0.662805236
LTA	0.170388271	0.057639459	0	0.171962826	0.194965336	0	0.309730287	0	1.227921782	0	0	0	0.10515046	0	0.136041031	0.148379934	0.008771915	0.036407885	0.014641634	0	0	0	0	0	0.221415675	0.219975944	0.57997673	0	0.238290289	0	0.14848676	1.139314987	0.864847726	0.02748997	0.56672263	0	0	0	0	0.333717465	0.210706997	0.348885868	0.219539171	0.377517164	0.48063949	0.18322458	0.118831921	0.172877175	0	0	0.232096525	0.831019188	0.126160035
TNFRSF18	0.282757966	0.131287359	0	0.172341658	0.114191791	0.027368322	0.423289936	4.073652672	0.736020862	0.055370821	0.50638101	0.16134277	0.102644908	0.075088023	0.037183835	0	0.023976108	0.082927481	1.140561364	0.021474091	1.707258318	0	0.142151333	0.620086539	0.25936767	0.257681161	0.337837885	0.041012166	0.65131429	0.332447456	0	1.02180352	1.730691821	0.262982331	0.405693653	0.024620091	0.020134357	0.173500613	0.071027132	0.304047856	0.041137243	0.417201344	0	0.070354121	0.744442879	2.217847353	0.081200255	0.401643595	0	0.020550939	0.317192497	1.223066309	0
AKT3	0.638056105	3.958820544	4.345792767	9.423829626	0.769707595	0.333683901	1.345159838	1.924917027	4.085663692	0.495812424	0.992086961	14.3138501	0.23198197	13.58738596	10.04947216	14.508336	9.796476665	2.249036698	2.826445655	3.746376511	0.834069552	17.60087516	9.638046417	5.848992051	2.170348399	0.84290491	2.872268034	3.49620737	7.381174205	2.364448886	3.917999497	0.265292174	6.468921138	4.319878161	2.701682434	2.606410922	2.694346838	2.514064107	5.491624811	0.376793684	1.015351715	8.533928292	1.060744491	10.2806242	6.307122224	0.397150867	0.590799574	9.536376297	11.37781167	13.15973802	8.888595733	2.329482545	3.349763267
CCR2	0.152903439	0.143040972	0.099586983	0.512101886	0.025919773	0.009318279	0.34758453	0.131292207	0.150358829	0.006284161	0.091276412	0.260934004	0.048927498	0.945932077	0.968507911	0.521655037	0.130612945	0.084704657	0.476902282	0.190097195	0.207600678	0.630614272	0.596923898	1.266750588	0.912523045	1.169792859	1.791750712	0.069818461	0.604097809	0.50935795	0.299399905	1.822335542	0.244327509	0.204661462	0.25114416	0.402363389	0.308487685	1.004239953	0.749675875	0.310563749	0.266119284	2.019102192	0.454016179	1.784569133	2.132092571	0.365383371	0.547406743	1.801886796	0.295068694	0.209913557	2.267930601	2.20110747	0.665305774
CXCL10	41.1471516	2.641456971	1.581949818	16.65937805	1.852822548	0.088813116	9.130538748	0.427813472	27.324051	3.992982344	0.451091048	67.9337851	4.507867352	19.91990983	2.895971991	20.03394297	13.0842108	13.13249471	3.289993743	61.50925458	2.176520839	12.1262958	4.869237648	8.225500018	16.45943557	48.36039416	25.77757251	0.384478876	12.62076978	4.49511401	3.951137918	55.79067925	58.49149183	1.341066005	23.57765958	157.6058392	8.951323711	14.17806738	8.067171017	20.14446427	2.313908664	14.79578571	19.83326209	15.15702205	8.763182799	19.34717904	39.96469219	28.75094542	0.385019803	2.734289325	6.930777535	57.73921319	8.330427652
CXCR3	0.102181979	0	0	0.074862012	0	0.037363198	0.084981599	0.013498411	0.080385179	0	0	0.082599353	0	0	0.012690831	0	0	0	0.01365871	0	0.083240959	0.166352188	0.097032408	0.089109615	0.11802947	0.205208494	0.603128413	0	0.183966916	0.198562367	0.046172843	0.664268976	0.316952691	0.282089609	0.125875557	0.033611317	0.013743699	0.021532983	0.09696615	0.051885718	0.056160511	0.406830527	0.091022685	0.240118389	0.179349257	0.097671043	0.044341793	0.145144408	0	0	0.324773091	0.506881881	0.058845323
IFI35	10.92910416	2.393469035	2.386688946	4.249111652	2.844396162	2.150930923	6.416046139	1.636961141	12.65011329	2.639557639	0.172698857	9.328298405	3.425197636	3.035308678	3.054097004	2.119133186	1.521364835	1.624016819	1.546833295	3.154046643	2.788804175	1.538534302	5.158635612	10.40692362	6.182100068	7.027220813	5.36551603	2.589150211	6.134468359	1.191273562	1.583231617	13.00812381	5.492950929	0.822859926	3.848921095	6.629555429	1.91963181	2.174405645	4.392522341	8.569164259	1.431025622	6.239064702	5.755420203	4.834334893	3.723701462	6.01449177	3.870861003	7.381627537	0.986963762	1.681333468	5.149225505	7.119196137	3.350594407
IFNG	0.104741451	0	0	0.246655184	0	0	0.07839921	0	0.24719604	0	0	0	0	0.078808321	0.039026139	0	0.025164024	0	0	0	0	0.971958331	0	0.102759354	0.113424274	0.090149396	0.286388585	0	0.023571869	0.196266848	0.236646943	1.532042319	0.044303424	0	0.116125659	0	0	0.099325552	0	0.07977804	0	0.156382832	0	0.012306646	0.091920814	0	0.034089355	0.396746692	0.016242353	0	0	0.22922574	0.030159645
IL12A	0.129761532	0.136565715	0.042257256	0.600963897	0.593914133	0	2.849052672	0.044997005	0.401946452	1.139940292	0	0.498243804	0.013346463	0.402738739	0.338439466	0.585929969	1.028777369	0.204871175	1.873290286	0.40486626	1.268498544	0.380253021	0.585304781	0.254611923	0.379399844	1.172679944	0.53219935	0.186642067	0.562149886	0.878041771	0.014658795	0.126533896	5.570968608	1.441050931	0.647393122	0.272105531	0.654495327	5.31174083	0.923534375	0.642427458	0.695356184	0.678085561	0.151712235	0.830928356	0.199287146	0.255818199	0.390650064	0.261119698	0.100611202	0.093525169	0.577403917	0.141990983	0.691234382
IL15	0.142259619	0.095340027	0.136359593	0.621974432	0.006142617	0.092748588	0.25716321	0.022338534	2.323265363	0.294872823	0.115366462	0.735542553	0.019877351	0.136321085	0.372036637	0.367238452	0.145094112	0.07761869	0.681343471	0.263371171	0.364068222	0.959604579	0.282924951	0.347602172	1.206842337	0.561379152	0.522124644	0.293415421	0.92783856	0.070414511	0.076411483	1.586131946	1.880116712	0.018188196	1.345097639	1.279338218	0.350914534	0.287624989	0.37824924	1.165320542	0.205795902	0.360677267	0.446520819	0.386018664	0.14840263	0.225135724	0.178211671	0.190634619	0.152341148	0.076278009	0.839472738	0.52868024	0.343159781
IL2	0.113352902	0	0	0.071182467	0	0.062171827	0	0	0	0	0.135333073	0	0	0.021321912	0	0	0	0	0	0	0	0	0	0	0.024549919	0	0.088552681	0	0.06377465	0	0	0.165800112	0	0	0	0.027964375	0.022869318	0.143322303	0	0	0	0	0.075730223	0	0	0	0	0.053670715	0.035155478	0	0.432334224	0.148843094	0
IL2RA	3.388213221	0.412743334	0.145959249	0.683545722	0.598330014	0.105356296	1.014434059	0.662924618	0.651673837	0.574331351	0.668894474	1.850361712	0.164641189	0.078286181	0.656066626	0.354171892	0.269201702	0.329876394	0.3530511	0.227331605	5.339922233	0.25017488	0.182407213	1.319168666	1.594753304	0.991961906	3.184633357	0.122794966	1.239230618	1.299776625	0.22422925	6.83680652	1.02915445	1.253409404	3.005178853	4.636164526	0.167935374	0.688142397	0.318994647	0.975378154	0.092377096	0.946420061	1.326100815	0.398726626	0.407391099	0.504921331	0.995065878	0.917082431	0.253191314	0.639491071	0.722457549	2.578344083	0.507012408
STAT4	0.766485628	0.691955071	0.421494566	0.873314293	0.283595288	0.294533292	0.611505891	0.349235487	1.535442427	0.050930897	0.632908358	0.055652046	0.260583465	2.185972754	2.180392744	1.088044348	0.932866306	0.471397539	0.369947605	0.841443114	0.117777102	1.829166182	1.412131219	0.972621969	1.765419516	1.137690858	3.241343437	0.739382453	1.059766864	0.905903079	0.634630996	1.960300147	1.188112796	3.348518242	0.977008581	1.854701072	0.500036704	1.57992536	1.058375206	1.006803712	0.794611492	1.389715767	1.19588315	1.546634903	1.788404653	0.671228661	0.725978934	2.190548223	0.888244443	0.850637545	3.063462489	5.303545084	0.991188944
TBX21	0.072481084	0.019070427	0	0.144134327	0.018430193	0	0.024112112	0	0.17105966	0	0.028845278	0.097650791	0	0.154516848	0.216048704	0.010909458	0.017413504	0	0.029065734	0	0.029522793	0	0.206484965	0.142218946	0.188375034	0.29112245	0.641728632	0.046334634	0.244675999	0.040241973	0	1.484242599	0.286141048	0.072762023	0.446438643	0.035762441	0	0.152740626	0.206343966	0.257629883	0.13942783	0.490583371	0.201766952	0.329293023	0.614888965	0.190523649	0.11794917	0.354625418	0.052451973	0.109456259	0.844698724	1.015194957	0.125222846
TNF	1.950613874	0.411855574	0.203903433	0.78639293	0.238817232	0	1.093551129	0.169050976	3.592735268	0.463203394	0.186887615	0.506141029	0.25760212	0.335188914	0.187127106	0.4023147	1.508375862	0.583169353	0.251087925	0.232421051	2.61894769	0.611610124	0.594581934	1.401794401	2.148843808	1.07781306	2.003135441	1.5306754	0.281821834	0.130363215	0.14146582	4.495290091	0.52968529	3.064248019	4.564322049	1.081283886	0.838469119	0.29688046	0.891263884	0.403438719	0.258099532	0.509505135	0.611365251	0.724348985	1.373739844	2.821387246	0.114207538	0.296465357	0	0	1.163402182	2.19247167	0.721168655
CXCR6	0.257603853	0.039782678	0.021884221	0.363978111	0.076894181	0.009214606	0.159283657	0.003329012	0.15859836	0	0	0.067902868	0.020735631	0.486664869	0.281686017	0	0.096869826	0.033504899	0.047159635	0.072300848	0.04105819	0.016410478	0.303118105	0.241740813	0.749549665	0.63622787	0.765599507	0.10126112	0.317592687	0.020987122	0.05314056	1.08123633	0.426369111	0.025298054	0.633292433	1.83193697	0.142359235	0.382357329	0.263054394	0.153554235	0.096953127	0.842801974	0.258154802	0.521123693	0.353852522	0.373362117	0.224181535	0.715917581	0.104209218	0.055354159	0.437860085	0.573568343	0.319276794
GATA3	1.002235249	0.388175278	0.060816354	1.008565011	0.341902865	1.044783266	0.801429532	0.37375415	3.096237772	0.124339777	1.761422116	0.150961911	0.23818092	0.463695073	0.84195217	0.109624633	0.533916709	0.353819035	1.025987894	0.51436646	0.365122888	0.529015632	1.47192487	1.038234599	2.459155819	1.671639508	2.806006573	0.327453242	1.126354961	0.124423062	0.725731228	1.784645842	1.690431322	5.118088398	2.098103871	2.165386327	0.761091725	0.637543691	0.664572182	1.393977946	1.170109878	1.304912508	0.679983147	0.767987605	1.327533064	0.843448132	0.686821212	0.981505577	1.297398629	0.215361254	2.837256996	4.561146734	1.27982223
IL6	0.020435298	0.064520535	0	0.327236364	0.046765834	0	0.076479332	0.060739588	0.072342775	0	0.292774691	0.024778475	0.176555195	0.196039984	0.7309526	0.498281189	1.112015112	0.112074346	0.1720905	0.211066759	0.29965136	0.269476071	0.261973433	0.42102032	0.305384852	0.026382532	0.151660912	0.125970186	2.104008609	0.165932495	0.096957764	0.597809972	0.051862201	4.154187503	0.158594685	0.01512428	0.049474659	0.164718474	0.130897272	0.186778552	0.202166984	0.183063905	0.112634524	0.036015824	0.726325485	1.648110346	3.212390397	3.541333356	0.085560855	0.340863497	0.253309407	0.241501338	0.088263244
SMAD2	3.949372747	2.57129569	2.36435471	4.289236104	2.171528101	4.424299665	2.898338668	20.30195197	2.526054473	3.413262168	4.729050514	4.933005573	5.499117686	8.460702096	6.031811908	7.770585363	8.738602376	8.50822478	5.297219285	8.085568468	3.299795842	7.136120664	4.368140135	3.572294778	4.634368352	2.301742313	3.490173172	4.576890241	2.588422998	6.780910829	3.422337335	3.303885615	4.577738307	3.245736337	4.977669537	3.010147825	6.46829722	8.143042814	4.099150401	2.922790019	4.05927671	4.268397845	2.533469734	4.950189642	3.583103664	5.925066941	5.930081844	5.844834607	6.678533229	7.717181715	4.336320809	5.023579065	8.770371964
STAT6	14.72116839	13.33466529	31.24869921	26.80572928	26.19161936	18.3553799	16.80793971	7.850513506	12.03898573	16.14920072	6.920317342	13.29083725	2.567045355	17.66393004	17.25162816	12.73336899	13.59371214	13.08772687	21.25765364	18.65821077	17.27708422	12.38481779	14.67246662	29.15800186	14.58639579	20.98750326	20.86448236	19.44207072	20.27483849	9.643661026	6.746279682	16.27012989	12.16677773	12.47076564	12.06265224	11.99288908	17.29428122	17.27004543	21.07829909	15.52821936	3.431724296	20.15239863	16.73534944	19.58999969	20.63725557	20.74559462	8.572648467	18.45012102	22.50213365	11.9255483	17.36789299	18.43262031	13.2671072
